recall: 0.9291338582677166
FPR: 0.0056179775280898875