recall: 0.8913043478260869
FPR: 0.02197802197802198