recall: 0.9043478260869565
FPR: 0.03296703296703297