recall: 0.9669421487603306
FPR: 0.04011461318051576