recall: 0.9834710743801653
FPR: 0.04297994269340974